1216 1279 1279 1279 1279 1279 1279 1279 1279 1535 1279 1279 1279 1535 1279 1279 1247 1535 1279 1279 1279 1535 1279 1535 1279 1535 1279 1279 1279 1791 1279 1279 1216 1535 1279 1791 1279 1279 1279 1279 1279 1279 1279 1791 1279 1279 1279 1279 1279 1535 1279 1791 1279 1791 1279 1279 1279 1535 1279 1791 1279 1535 1279 1791 
1247 1023 1023 1023 1023 1023 1023 1023 1023 1023 1023 1023 1023 1023 1023 1023 2047 1023 1023 1023 1023 1023 1023 1023 1023 1023 1023 1023 1023 1023 1023 1023 1247 1023 1023 1023 1023 1023 1023 1023 1023 1023 1023 1023 1023 1023 1023 1023 1023 1023 1023 1023 1023 1023 1023 1023 1023 1023 1023 1023 1023 1023 1023 1023 
1247 1023 1023 1023 1023 1023 1023 1023 1023 1023 1023 1023 1023 1023 1023 1023 767 1023 1023 1023 1023 1023 1023 1023 1023 1023 1023 1023 1023 1023 1023 1023 1247 1023 1023 1023 1023 1023 1023 1023 1023 1023 1023 1023 1023 1023 1023 1023 511 1023 1023 1023 1023 1023 1023 1023 1023 1023 1023 1023 1023 1023 1023 1023 
1247 1023 1023 1023 1023 1023 1023 1023 1023 1023 1023 1023 1023 1023 1023 1023 1791 1023 1023 1023 1023 1023 1023 1023 1023 1023 1023 1023 1023 1023 1023 1023 1247 1023 1023 1023 1023 1023 1023 1023 1023 1023 1023 1023 1023 1023 1023 1023 1535 1023 1023 1023 1023 1023 1023 1023 1023 1023 1023 1023 1023 1023 1023 1023 
1247 1023 1023 1023 1023 1023 1023 1023 1023 1023 1023 1023 1023 1023 1023 1023 1791 1023 1023 1023 1023 1023 1023 1023 1023 1023 1023 1023 1023 1023 1023 1023 1247 1023 1023 1023 1023 1023 1023 1023 1023 1023 1023 1023 1023 1023 1023 1023 1535 1023 1023 1023 1023 1023 1023 1023 1023 1023 1023 1023 1023 1023 1023 1023 
1247 1023 1023 1023 1023 1023 1023 1023 1023 1023 1023 1023 1023 1023 1023 1023 2047 1023 1023 1023 1023 1023 1023 1023 1023 1023 1023 1023 1023 1023 1023 1023 1247 1023 1023 1023 1023 1023 1023 1023 1023 1023 1023 1023 1023 1023 1023 1023 1023 1023 1023 1023 1023 1023 1023 1023 1023 1023 1023 1023 1023 1023 1023 1023 
1247 1023 1023 1023 1023 1023 1023 1023 1023 1023 1023 1023 1023 1023 1023 1023 1791 1023 1023 1023 1023 1023 1023 1023 1023 1023 1023 1023 1023 1023 1023 1023 1247 1023 1023 1023 1023 1023 1023 1023 1023 1023 1023 1023 1023 1023 1023 1023 511 1023 1023 1023 1023 1023 1023 1023 1023 1023 1023 1023 1023 1023 1023 1023 
1247 1023 1023 1023 1023 1023 1023 1023 1023 1023 1023 1023 1023 1023 1023 1023 1791 1023 1023 1023 1023 1023 1023 1023 1023 1023 1023 1023 1023 1023 1023 1023 1247 1023 1023 1023 1023 1023 1023 1023 1023 1023 1023 1023 1023 1023 1023 1023 1535 1023 1023 1023 1023 1023 1023 1023 1023 1023 1023 1023 1023 1023 1023 1023 
1247 1023 1023 1023 1023 1023 1023 1023 2047 1023 1023 1023 1023 1023 1023 1023 1791 1023 1023 1023 1023 1023 1023 1023 2047 1023 1023 1023 1023 1023 1023 1023 1247 1023 1023 1023 1023 1023 1023 1023 2047 1023 1023 1023 1023 1023 1023 1023 1535 1023 1023 1023 1023 1023 1023 1023 2047 1023 1023 1023 1023 1023 1023 1023 
1247 1023 1023 1023 1023 1023 1023 1023 1023 1023 1023 1023 1023 1023 1023 1023 2047 1023 1023 1023 1023 1023 1023 1023 1023 1023 1023 1023 1023 1023 1023 1023 1247 1023 1023 1023 1023 1023 1023 1023 1023 1023 1023 1023 1023 1023 1023 1023 1535 1023 1023 1023 1023 1023 1023 1023 1023 1023 1023 1023 1023 1023 1023 1023 
1247 1023 1023 1023 1023 1023 1023 1023 1023 1023 1023 1023 1023 1023 1023 1023 1791 1023 1023 1023 1023 1023 1023 1023 1023 1023 1023 1023 1023 1023 1023 1023 1247 1023 1023 1023 1023 1023 1023 1023 1023 1023 1023 1023 1023 1023 1023 1023 511 1023 1023 1023 1023 1023 1023 1023 1023 1023 1023 1023 1023 1023 1023 1023 
1247 1023 1023 1023 1023 1023 1023 1023 1023 1023 1023 1023 1023 1023 1023 1023 1791 1023 1023 1023 1023 1023 1023 1023 1023 1023 1023 1023 1023 1023 1023 1023 1247 1023 1023 1023 1023 1023 1023 1023 1023 1023 1023 1023 1023 1023 1023 1023 1535 1023 1023 1023 1023 1023 1023 1023 1023 1023 1023 1023 1023 1023 1023 1023 
1247 1023 1023 1023 1023 1023 1023 1023 1023 1023 1023 1023 1023 1023 1023 1023 1791 1023 1023 1023 1023 1023 1023 1023 1023 1023 1023 1023 1023 1023 1023 1023 1247 1023 1023 1023 1023 1023 1023 1023 1023 1023 1023 1023 1023 1023 1023 1023 1535 1023 1023 1023 1023 1023 1023 1023 1023 1023 1023 1023 1023 1023 1023 1023 
1247 1023 1023 1023 1023 1023 1023 1023 1023 1023 1023 1023 1023 1023 1023 1023 2047 1023 1023 1023 1023 1023 1023 1023 1023 1023 1023 1023 1023 1023 1023 1023 1247 1023 1023 1023 1023 1023 1023 1023 1023 1023 1023 1023 1023 1023 1023 1023 2047 1023 1023 1023 1023 1023 1023 1023 1023 1023 1023 1023 1023 1023 1023 1023 
1247 1023 1023 1023 1023 1023 1023 1023 1023 1023 1023 1023 1023 1023 1023 1023 1791 1023 1023 1023 1023 1023 1023 1023 1023 1023 1023 1023 1023 1023 1023 1023 1247 1023 1023 1023 1023 1023 1023 1023 1023 1023 1023 1023 1023 1023 1023 1023 1535 1023 1023 1023 1023 1023 1023 1023 1023 1023 1023 1023 1023 1023 1023 1023 
1247 1023 1023 1023 1023 1023 1023 1023 1023 1023 1023 1023 1023 1023 1023 1023 1791 1023 1023 1023 1023 1023 1023 1023 1023 1023 1023 1023 1023 1023 1023 1023 1247 1023 1023 1023 1023 1023 1023 1023 1023 1023 1023 1023 1023 1023 1023 1023 1535 1023 1023 1023 1023 1023 1023 1023 1023 1023 1023 1023 1023 1023 1023 1023 
1247 1023 1023 1023 2047 1023 1023 1023 2047 1023 1023 1023 2047 1023 1023 1023 1791 1023 1023 1023 2047 1023 1023 1023 2047 1023 1023 1023 2047 1023 1023 1023 1247 1023 1023 1023 2047 1023 1023 1023 2047 1023 1023 1023 2047 1023 1023 1023 1535 1023 1023 1023 2047 1023 1023 1023 2047 1023 1023 1023 2047 1023 1023 1023 
1247 1023 1023 1023 1023 1023 1023 1023 1023 1023 1023 1023 1023 1023 1023 1023 2047 1023 1023 1023 1023 1023 1023 1023 1023 1023 1023 1023 1023 1023 1023 1023 1247 1023 1023 1023 1023 1023 1023 1023 1023 1023 1023 1023 1023 1023 1023 1023 2047 1023 1023 1023 1023 1023 1023 1023 1023 1023 1023 1023 1023 1023 1023 1023 
1247 1023 1023 1023 1023 1023 1023 1023 1023 1023 1023 1023 1023 1023 1023 1023 1791 1023 1023 1023 1023 1023 1023 1023 1023 1023 1023 1023 1023 1023 1023 1023 1247 1023 1023 1023 1023 1023 1023 1023 1023 1023 1023 1023 1023 1023 1023 1023 1535 1023 1023 1023 1023 1023 1023 1023 1023 1023 1023 1023 1023 1023 1023 1023 
1247 1023 1023 1023 1023 1023 1023 1023 1023 1023 1023 1023 1023 1023 1023 1023 1791 1023 1023 1023 1023 1023 1023 1023 1023 1023 1023 1023 1023 1023 1023 1023 1247 1023 1023 1023 1023 1023 1023 1023 1023 1023 1023 1023 1023 1023 1023 1023 1535 1023 1023 1023 1023 1023 1023 1023 1023 1023 1023 1023 1023 1023 1023 1023 
1247 1023 1023 1023 1023 1023 1023 1023 1023 1023 1023 1023 1023 1023 1023 1023 1791 1023 1023 1023 1023 1023 1023 1023 1023 1023 1023 1023 1023 1023 1023 1023 1247 1023 1023 1023 1023 1023 1023 1023 1023 1023 1023 1023 1023 1023 1023 1023 1535 1023 1023 1023 1023 1023 1023 1023 1023 1023 1023 1023 1023 1023 1023 1023 
1247 1023 1023 1023 1023 1023 1023 1023 1023 1023 1023 1023 1023 1023 1023 1023 2047 1023 1023 1023 1023 1023 1023 1023 1023 1023 1023 1023 1023 1023 1023 1023 1247 1023 1023 1023 1023 1023 1023 1023 1023 1023 1023 1023 1023 1023 1023 1023 2047 1023 1023 1023 1023 1023 1023 1023 1023 1023 1023 1023 1023 1023 1023 1023 
1247 1023 1023 1023 1023 1023 1023 1023 1023 1023 1023 1023 1023 1023 1023 1023 1791 1023 1023 1023 1023 1023 1023 1023 1023 1023 1023 1023 1023 1023 1023 1023 1247 1023 1023 1023 1023 1023 1023 1023 1023 1023 1023 1023 1023 1023 1023 1023 1535 1023 1023 1023 1023 1023 1023 1023 1023 1023 1023 1023 1023 1023 1023 1023 
1247 1023 1023 1023 1023 1023 1023 1023 1023 1023 1023 1023 1023 1023 1023 1023 2047 1023 1023 1023 1023 1023 1023 1023 1023 1023 1023 1023 1023 1023 1023 1023 1247 1023 1023 1023 1023 1023 1023 1023 1023 1023 1023 1023 1023 1023 1023 1023 1535 1023 1023 1023 1023 1023 1023 1023 1023 1023 1023 1023 1023 1023 1023 1023 
1247 1023 1023 1023 1023 1023 1023 1023 2047 1023 1023 1023 1023 1023 1023 1023 1791 1023 1023 1023 1023 1023 1023 1023 2047 1023 1023 1023 1023 1023 1023 1023 1247 1023 1023 1023 1023 1023 1023 1023 2047 1023 1023 1023 1023 1023 1023 1023 1535 1023 1023 1023 1023 1023 1023 1023 2047 1023 1023 1023 1023 1023 1023 1023 
1247 1023 1023 1023 1023 1023 1023 1023 1023 1023 1023 1023 1023 1023 1023 1023 2047 1023 1023 1023 1023 1023 1023 1023 1023 1023 1023 1023 1023 1023 1023 1023 1247 1023 1023 1023 1023 1023 1023 1023 1023 1023 1023 1023 1023 1023 1023 1023 1535 1023 1023 1023 1023 1023 1023 1023 1023 1023 1023 1023 1023 1023 1023 1023 
1247 1023 1023 1023 1023 1023 1023 1023 1023 1023 1023 1023 1023 1023 1023 1023 1791 1023 1023 1023 1023 1023 1023 1023 1023 1023 1023 1023 1023 1023 1023 1023 1247 1023 1023 1023 1023 1023 1023 1023 1023 1023 1023 1023 1023 1023 1023 1023 1535 1023 1023 1023 1023 1023 1023 1023 1023 1023 1023 1023 1023 1023 1023 1023 
1247 1023 1023 1023 1023 1023 1023 1023 1023 1023 1023 1023 1023 1023 1023 1023 1791 1023 1023 1023 1023 1023 1023 1023 1023 1023 1023 1023 1023 1023 1023 1023 1247 1023 1023 1023 1023 1023 1023 1023 1023 1023 1023 1023 1023 1023 1023 1023 1535 1023 1023 1023 1023 1023 1023 1023 1023 1023 1023 1023 1023 1023 1023 1023 
1247 1023 1023 1023 1023 1023 1023 1023 1023 1023 1023 1023 1023 1023 1023 1023 1791 1023 1023 1023 1023 1023 1023 1023 1023 1023 1023 1023 1023 1023 1023 1023 1247 1023 1023 1023 1023 1023 1023 1023 1023 1023 1023 1023 1023 1023 1023 1023 1535 1023 1023 1023 1023 1023 1023 1023 1023 1023 1023 1023 1023 1023 1023 1023 
1247 1023 1023 1023 1023 1023 1023 1023 1023 1023 1023 1023 1023 1023 1023 1023 1791 1023 1023 1023 1023 1023 1023 1023 1023 1023 1023 1023 1023 1023 1023 1023 1247 1023 1023 1023 1023 1023 1023 1023 1023 1023 1023 1023 1023 1023 1023 1023 1535 1023 1023 1023 1023 1023 1023 1023 1023 1023 1023 1023 1023 1023 1023 1023 
1247 1023 1023 1023 1023 1023 1023 1023 1023 1023 1023 1023 1023 1023 1023 1023 1791 1023 1023 1023 1023 1023 1023 1023 1023 1023 1023 1023 1023 1023 1023 1023 1247 1023 1023 1023 1023 1023 1023 1023 1023 1023 1023 1023 1023 1023 1023 1023 1535 1023 1023 1023 1023 1023 1023 1023 1023 1023 1023 1023 1023 1023 1023 1023 
1247 1023 1023 1023 1023 1023 1023 1023 1023 1023 1023 1023 1023 1023 1023 1023 1791 1023 1023 1023 1023 1023 1023 1023 1023 1023 1023 1023 1023 1023 1023 1023 1247 1023 1023 1023 1023 1023 1023 1023 1023 1023 1023 1023 1023 1023 1023 1023 1535 1023 1023 1023 1023 1023 1023 1023 1023 1023 1023 1023 1023 1023 1023 1023 
1247 1023 2047 1023 2047 1023 2047 1023 2047 1023 2047 1023 2047 1023 2047 1023 1791 1023 2047 1023 2047 1023 2047 1023 2047 1023 2047 1023 2047 1023 2047 1023 1247 1023 2047 1023 2047 1023 2047 1023 2047 1023 2047 1023 2047 1023 2047 1023 1535 1023 2047 1023 2047 1023 2047 1023 2047 1023 2047 1023 2047 1023 2047 1023 
1247 1023 1023 1023 1023 1023 1023 1023 1023 1023 1023 1023 1023 1023 1023 1023 2047 1023 1023 1023 1023 1023 1023 1023 1023 1023 1023 1023 1023 1023 1023 1023 1247 1023 1023 1023 1023 1023 1023 1023 1023 1023 1023 1023 1023 1023 1023 1023 2047 1023 1023 1023 1023 1023 1023 1023 1023 1023 1023 1023 1023 1023 1023 1023 
1247 1023 1023 1023 1023 1023 1023 1023 1023 1023 1023 1023 1023 1023 1023 1023 1791 1023 1023 1023 1023 1023 1023 1023 1023 1023 1023 1023 1023 1023 1023 1023 1247 1023 1023 1023 1023 1023 1023 1023 1023 1023 1023 1023 1023 1023 1023 1023 1535 1023 1023 1023 1023 1023 1023 1023 1023 1023 1023 1023 1023 1023 1023 1023 
1247 1023 1023 1023 1023 1023 1023 1023 1023 1023 1023 1023 1023 1023 1023 1023 1791 1023 1023 1023 1023 1023 1023 1023 1023 1023 1023 1023 1023 1023 1023 1023 1247 1023 1023 1023 1023 1023 1023 1023 1023 1023 1023 1023 1023 1023 1023 1023 1535 1023 1023 1023 1023 1023 1023 1023 1023 1023 1023 1023 1023 1023 1023 1023 
1247 1023 1023 1023 1023 1023 1023 1023 1023 1023 1023 1023 1023 1023 1023 1023 1791 1023 1023 1023 1023 1023 1023 1023 1023 1023 1023 1023 1023 1023 1023 1023 1247 1023 1023 1023 1023 1023 1023 1023 1023 1023 1023 1023 1023 1023 1023 1023 1535 1023 1023 1023 1023 1023 1023 1023 1023 1023 1023 1023 1023 1023 1023 1023 
1247 1023 1023 1023 1023 1023 1023 1023 1023 1023 1023 1023 1023 1023 1023 1023 2047 1023 1023 1023 1023 1023 1023 1023 1023 1023 1023 1023 1023 1023 1023 1023 1247 1023 1023 1023 1023 1023 1023 1023 1023 1023 1023 1023 1023 1023 1023 1023 2047 1023 1023 1023 1023 1023 1023 1023 1023 1023 1023 1023 1023 1023 1023 1023 
1247 1023 1023 1023 1023 1023 1023 1023 1023 1023 1023 1023 1023 1023 1023 1023 1791 1023 1023 1023 1023 1023 1023 1023 1023 1023 1023 1023 1023 1023 1023 1023 1247 1023 1023 1023 1023 1023 1023 1023 1023 1023 1023 1023 1023 1023 1023 1023 1535 1023 1023 1023 1023 1023 1023 1023 1023 1023 1023 1023 1023 1023 1023 1023 
1247 1023 1023 1023 1023 1023 1023 1023 1023 1023 1023 1023 1023 1023 1023 1023 1791 1023 1023 1023 1023 1023 1023 1023 1023 1023 1023 1023 1023 1023 1023 1023 1247 1023 1023 1023 1023 1023 1023 1023 1023 1023 1023 1023 1023 1023 1023 1023 1535 1023 1023 1023 1023 1023 1023 1023 1023 1023 1023 1023 1023 1023 1023 1023 
1247 1023 1023 1023 1023 1023 1023 1023 2047 1023 1023 1023 1023 1023 1023 1023 1791 1023 1023 1023 1023 1023 1023 1023 2047 1023 1023 1023 1023 1023 1023 1023 1247 1023 1023 1023 1023 1023 1023 1023 2047 1023 1023 1023 1023 1023 1023 1023 1535 1023 1023 1023 1023 1023 1023 1023 2047 1023 1023 1023 1023 1023 1023 1023 
1247 1023 1023 1023 1023 1023 1023 1023 1023 1023 1023 1023 1023 1023 1023 1023 1791 1023 1023 1023 1023 1023 1023 1023 1023 1023 1023 1023 1023 1023 1023 1023 1247 1023 1023 1023 1023 1023 1023 1023 1023 1023 1023 1023 1023 1023 1023 1023 1535 1023 1023 1023 1023 1023 1023 1023 1023 1023 1023 1023 1023 1023 1023 1023 
1247 1023 1023 1023 1023 1023 1023 1023 1023 1023 1023 1023 1023 1023 1023 1023 1791 1023 1023 1023 1023 1023 1023 1023 1023 1023 1023 1023 1023 1023 1023 1023 1247 1023 1023 1023 1023 1023 1023 1023 1023 1023 1023 1023 1023 1023 1023 1023 1535 1023 1023 1023 1023 1023 1023 1023 1023 1023 1023 1023 1023 1023 1023 1023 
1247 1023 1023 1023 1023 1023 1023 1023 1023 1023 1023 1023 1023 1023 1023 1023 1791 1023 1023 1023 1023 1023 1023 1023 1023 1023 1023 1023 1023 1023 1023 1023 1247 1023 1023 1023 1023 1023 1023 1023 1023 1023 1023 1023 1023 1023 1023 1023 2047 1023 1023 1023 1023 1023 1023 1023 1023 1023 1023 1023 1023 1023 1023 1023 
1247 1023 1023 1023 1023 1023 1023 1023 1023 1023 1023 1023 1023 1023 1023 1023 1791 1023 1023 1023 1023 1023 1023 1023 1023 1023 1023 1023 1023 1023 1023 1023 1247 1023 1023 1023 1023 1023 1023 1023 1023 1023 1023 1023 1023 1023 1023 1023 1535 1023 1023 1023 1023 1023 1023 1023 1023 1023 1023 1023 1023 1023 1023 1023 
1247 1023 1023 1023 1023 1023 1023 1023 1023 1023 1023 1023 1023 1023 1023 1023 2047 1023 1023 1023 1023 1023 1023 1023 1023 1023 1023 1023 1023 1023 1023 1023 1247 1023 1023 1023 1023 1023 1023 1023 1023 1023 1023 1023 1023 1023 1023 1023 2047 1023 1023 1023 1023 1023 1023 1023 1023 1023 1023 1023 1023 1023 1023 1023 
1247 1023 1023 1023 1023 1023 1023 1023 1023 1023 1023 1023 1023 1023 1023 1023 1791 1023 1023 1023 1023 1023 1023 1023 1023 1023 1023 1023 1023 1023 1023 1023 1247 1023 1023 1023 1023 1023 1023 1023 1023 1023 1023 1023 1023 1023 1023 1023 1535 1023 1023 1023 1023 1023 1023 1023 1023 1023 1023 1023 1023 1023 1023 1023 
1247 1023 1023 1023 1023 1023 1023 1023 1023 1023 1023 1023 1023 1023 1023 1023 1791 1023 1023 1023 1023 1023 1023 1023 1023 1023 1023 1023 1023 1023 1023 1023 1247 1023 1023 1023 1023 1023 1023 1023 1023 1023 1023 1023 1023 1023 1023 1023 1535 1023 1023 1023 1023 1023 1023 1023 1023 1023 1023 1023 1023 1023 1023 1023 
1247 1023 1023 1023 2047 1023 1023 1023 2047 1023 1023 1023 2047 1023 1023 1023 1791 1023 1023 1023 2047 1023 1023 1023 2047 1023 1023 1023 2047 1023 1023 1023 1247 1023 1023 1023 2047 1023 1023 1023 2047 1023 1023 1023 2047 1023 1023 1023 1535 1023 1023 1023 2047 1023 1023 1023 2047 1023 1023 1023 2047 1023 1023 1023 
1247 1023 1023 1023 1023 1023 1023 1023 1023 1023 1023 1023 1023 1023 1023 1023 2047 1023 1023 1023 1023 1023 1023 1023 1023 1023 1023 1023 1023 1023 1023 1023 1247 1023 1023 1023 1023 1023 1023 1023 1023 1023 1023 1023 1023 1023 1023 1023 2047 1023 1023 1023 1023 1023 1023 1023 1023 1023 1023 1023 1023 1023 1023 1023 
1247 1023 1023 1023 1023 1023 1023 1023 1023 1023 1023 1023 1023 1023 1023 1023 1791 1023 1023 1023 1023 1023 1023 1023 1023 1023 1023 1023 1023 1023 1023 1023 1247 1023 1023 1023 1023 1023 1023 1023 1023 1023 1023 1023 1023 1023 1023 1023 1535 1023 1023 1023 1023 1023 1023 1023 1023 1023 1023 1023 1023 1023 1023 1023 
1247 1023 1023 1023 1023 1023 1023 1023 1023 1023 1023 1023 1023 1023 1023 1023 1791 1023 1023 1023 1023 1023 1023 1023 1023 1023 1023 1023 1023 1023 1023 1023 1247 1023 1023 1023 1023 1023 1023 1023 1023 1023 1023 1023 1023 1023 1023 1023 1535 1023 1023 1023 1023 1023 1023 1023 1023 1023 1023 1023 1023 1023 1023 1023 
1247 1023 1023 1023 1023 1023 1023 1023 1023 1023 1023 1023 1023 1023 1023 1023 1791 1023 1023 1023 1023 1023 1023 1023 1023 1023 1023 1023 1023 1023 1023 1023 1247 1023 1023 1023 1023 1023 1023 1023 1023 1023 1023 1023 1023 1023 1023 1023 1535 1023 1023 1023 1023 1023 1023 1023 1023 1023 1023 1023 1023 1023 1023 1023 
1247 1023 1023 1023 1023 1023 1023 1023 1023 1023 1023 1023 1023 1023 1023 1023 1791 1023 1023 1023 1023 1023 1023 1023 1023 1023 1023 1023 1023 1023 1023 1023 1247 1023 1023 1023 1023 1023 1023 1023 1023 1023 1023 1023 1023 1023 1023 1023 2047 1023 1023 1023 1023 1023 1023 1023 1023 1023 1023 1023 1023 1023 1023 1023 
1247 1023 1023 1023 1023 1023 1023 1023 1023 1023 1023 1023 1023 1023 1023 1023 1791 1023 1023 1023 1023 1023 1023 1023 1023 1023 1023 1023 1023 1023 1023 1023 1247 1023 1023 1023 1023 1023 1023 1023 1023 1023 1023 1023 1023 1023 1023 1023 1535 1023 1023 1023 1023 1023 1023 1023 1023 1023 1023 1023 1023 1023 1023 1023 
1247 1023 1023 1023 1023 1023 1023 1023 1023 1023 1023 1023 1023 1023 1023 1023 767 1023 1023 1023 1023 1023 1023 1023 1023 1023 1023 1023 1023 1023 1023 1023 223 1023 1023 1023 1023 1023 1023 1023 1023 1023 1023 1023 1023 1023 1023 1023 511 1023 1023 1023 1023 1023 1023 1023 1023 1023 1023 1023 1023 1023 1023 1023 
1024 874 512 149 0 149 511 874 1024 874 512 149 0 149 511 874 1024 874 512 149 0 149 511 874 1024 874 512 149 0 149 511 874 1024 874 512 149 0 149 511 874 1024 874 512 149 0 149 511 874 1024 874 512 149 0 149 511 874 1024 874 512 149 0 149 511 874 
1024 907 611 270 38 22 227 562 874 1021 937 660 316 60 9 187 511 836 1014 963 707 363 86 2 149 461 796 1001 985 753 412 116 0 116 412 753 985 1001 796 461 149 2 86 363 707 963 1014 836 511 187 9 60 316 660 937 1021 874 562 227 22 38 270 611 907 
1024 937 707 412 149 9 38 227 512 796 985 1014 874 611 316 86 0 86 316 611 874 1014 985 796 511 227 38 9 149 412 707 937 1024 937 707 412 149 9 38 227 511 796 985 1014 874 611 316 86 0 86 316 611 874 1014 985 796 511 227 38 9 149 412 707 937 
1024 963 796 562 316 116 9 22 149 363 611 836 985 1021 937 753 512 270 86 2 38 187 412 660 874 1001 1014 907 707 461 227 60 0 60 227 461 707 907 1014 1001 874 660 412 187 38 2 86 270 512 753 937 1021 985 836 611 363 149 22 9 116 316 562 796 963 
1024 985 874 707 512 316 149 38 0 38 149 316 511 707 874 985 1024 985 874 707 511 316 149 38 0 38 149 316 512 707 874 985 1024 985 874 707 512 316 149 38 0 38 149 316 511 707 874 985 1024 985 874 707 512 316 149 38 0 38 149 316 512 707 874 985 
1024 1001 937 836 707 562 412 270 149 60 9 2 38 116 227 363 511 660 796 907 985 1021 1014 963 874 753 611 461 316 187 86 22 0 22 86 187 316 461 611 753 874 963 1014 1021 985 907 796 660 512 363 227 116 38 2 9 60 149 270 412 562 707 836 937 1001 
1024 1014 985 937 874 796 707 611 512 412 316 227 149 86 38 9 0 9 38 86 149 227 316 412 511 611 707 796 874 937 985 1014 1024 1014 985 937 874 796 707 611 512 412 316 227 149 86 38 9 0 9 38 86 149 227 316 412 512 611 707 796 874 937 985 1014 
1024 1021 1014 1001 985 963 937 907 874 836 796 753 707 660 611 562 512 461 412 363 316 270 227 187 149 116 86 60 38 22 9 2 0 2 9 22 38 60 86 116 149 187 227 270 316 363 412 461 511 562 611 660 707 753 796 836 874 907 937 963 985 1001 1014 1021 
