1216 1279 1279 1279 1279 1279 1279 1279 1279 1535 1279 1279 1279 1535 1279 1279 1247 1535 1279 1279 1279 1535 1279 1535 1279 1535 1279 1279 1279 1791 1279 1279 1216 1535 1279 1791 1279 1279 1279 1279 1279 1279 1279 1791 1279 1279 1279 1279 1279 1535 1279 1791 1279 1791 1279 1279 1279 1535 1279 1791 1279 1535 1279 1791 
1247 1023 1023 1023 1023 1023 1023 1023 1023 1023 1023 1023 1023 1023 1023 1023 2047 1023 1023 1023 1023 1023 1023 1023 1023 1023 1023 1023 1023 1023 1023 1023 1247 1023 1023 1023 1023 1023 1023 1023 1023 1023 1023 1023 1023 1023 1023 1023 1023 1023 1023 1023 1023 1023 1023 1023 1023 1023 1023 1023 1023 1023 1023 1023 
1247 1023 1023 1023 1023 1023 1023 1023 1023 1023 1023 1023 1023 1023 1023 1023 767 1023 1023 1023 1023 1023 1023 1023 1023 1023 1023 1023 1023 1023 1023 1023 1247 1023 1023 1023 1023 1023 1023 1023 1023 1023 1023 1023 1023 1023 1023 1023 511 1023 1023 1023 1023 1023 1023 1023 1023 1023 1023 1023 1023 1023 1023 1023 
1247 1023 1023 1023 1023 1023 1023 1023 1023 1023 1023 1023 1023 1023 1023 1023 1791 1023 1023 1023 1023 1023 1023 1023 1023 1023 1023 1023 1023 1023 1023 1023 1247 1023 1023 1023 1023 1023 1023 1023 1023 1023 1023 1023 1023 1023 1023 1023 1535 1023 1023 1023 1023 1023 1023 1023 1023 1023 1023 1023 1023 1023 1023 1023 
1247 1023 1023 1023 1023 1023 1023 1023 1023 1023 1023 1023 1023 1023 1023 1023 1791 1023 1023 1023 1023 1023 1023 1023 1023 1023 1023 1023 1023 1023 1023 1023 1247 1023 1023 1023 1023 1023 1023 1023 1023 1023 1023 1023 1023 1023 1023 1023 1535 1023 1023 1023 1023 1023 1023 1023 1023 1023 1023 1023 1023 1023 1023 1023 
1247 1023 1023 1023 1023 1023 1023 1023 1023 1023 1023 1023 1023 1023 1023 1023 2047 1023 1023 1023 1023 1023 1023 1023 1023 1023 1023 1023 1023 1023 1023 1023 1247 1023 1023 1023 1023 1023 1023 1023 1023 1023 1023 1023 1023 1023 1023 1023 1023 1023 1023 1023 1023 1023 1023 1023 1023 1023 1023 1023 1023 1023 1023 1023 
1247 1023 1023 1023 1023 1023 1023 1023 1023 1023 1023 1023 1023 1023 1023 1023 1791 1023 1023 1023 1023 1023 1023 1023 1023 1023 1023 1023 1023 1023 1023 1023 1247 1023 1023 1023 1023 1023 1023 1023 1023 1023 1023 1023 1023 1023 1023 1023 511 1023 1023 1023 1023 1023 1023 1023 1023 1023 1023 1023 1023 1023 1023 1023 
1247 1023 1023 1023 1023 1023 1023 1023 1023 1023 1023 1023 1023 1023 1023 1023 1791 1023 1023 1023 1023 1023 1023 1023 1023 1023 1023 1023 1023 1023 1023 1023 1247 1023 1023 1023 1023 1023 1023 1023 1023 1023 1023 1023 1023 1023 1023 1023 1535 1023 1023 1023 1023 1023 1023 1023 1023 1023 1023 1023 1023 1023 1023 1023 
1247 1023 1023 1023 1023 1023 1023 1023 2047 1023 1023 1023 1023 1023 1023 1023 1791 1023 1023 1023 1023 1023 1023 1023 2047 1023 1023 1023 1023 1023 1023 1023 1247 1023 1023 1023 1023 1023 1023 1023 2047 1023 1023 1023 1023 1023 1023 1023 1535 1023 1023 1023 1023 1023 1023 1023 2047 1023 1023 1023 1023 1023 1023 1023 
1247 1023 1023 1023 1023 1023 1023 1023 1023 1023 1023 1023 1023 1023 1023 1023 2047 1023 1023 1023 1023 1023 1023 1023 1023 1023 1023 1023 1023 1023 1023 1023 1247 1023 1023 1023 1023 1023 1023 1023 1023 1023 1023 1023 1023 1023 1023 1023 1535 1023 1023 1023 1023 1023 1023 1023 1023 1023 1023 1023 1023 1023 1023 1023 
1247 1023 1023 1023 1023 1023 1023 1023 1023 1023 1023 1023 1023 1023 1023 1023 1791 1023 1023 1023 1023 1023 1023 1023 1023 1023 1023 1023 1023 1023 1023 1023 1247 1023 1023 1023 1023 1023 1023 1023 1023 1023 1023 1023 1023 1023 1023 1023 511 1023 1023 1023 1023 1023 1023 1023 1023 1023 1023 1023 1023 1023 1023 1023 
1247 1023 1023 1023 1023 1023 1023 1023 1023 1023 1023 1023 1023 1023 1023 1023 1791 1023 1023 1023 1023 1023 1023 1023 1023 1023 1023 1023 1023 1023 1023 1023 1247 1023 1023 1023 1023 1023 1023 1023 1023 1023 1023 1023 1023 1023 1023 1023 1535 1023 1023 1023 1023 1023 1023 1023 1023 1023 1023 1023 1023 1023 1023 1023 
1247 1023 1023 1023 1023 1023 1023 1023 1023 1023 1023 1023 1023 1023 1023 1023 1791 1023 1023 1023 1023 1023 1023 1023 1023 1023 1023 1023 1023 1023 1023 1023 1247 1023 1023 1023 1023 1023 1023 1023 1023 1023 1023 1023 1023 1023 1023 1023 1535 1023 1023 1023 1023 1023 1023 1023 1023 1023 1023 1023 1023 1023 1023 1023 
1247 1023 1023 1023 1023 1023 1023 1023 1023 1023 1023 1023 1023 1023 1023 1023 2047 1023 1023 1023 1023 1023 1023 1023 1023 1023 1023 1023 1023 1023 1023 1023 1247 1023 1023 1023 1023 1023 1023 1023 1023 1023 1023 1023 1023 1023 1023 1023 2047 1023 1023 1023 1023 1023 1023 1023 1023 1023 1023 1023 1023 1023 1023 1023 
1247 1023 1023 1023 1023 1023 1023 1023 1023 1023 1023 1023 1023 1023 1023 1023 1791 1023 1023 1023 1023 1023 1023 1023 1023 1023 1023 1023 1023 1023 1023 1023 1247 1023 1023 1023 1023 1023 1023 1023 1023 1023 1023 1023 1023 1023 1023 1023 1535 1023 1023 1023 1023 1023 1023 1023 1023 1023 1023 1023 1023 1023 1023 1023 
1247 1023 1023 1023 1023 1023 1023 1023 1023 1023 1023 1023 1023 1023 1023 1023 1791 1023 1023 1023 1023 1023 1023 1023 1023 1023 1023 1023 1023 1023 1023 1023 1247 1023 1023 1023 1023 1023 1023 1023 1023 1023 1023 1023 1023 1023 1023 1023 1535 1023 1023 1023 1023 1023 1023 1023 1023 1023 1023 1023 1023 1023 1023 1023 
1247 1023 1023 1023 2047 1023 1023 1023 2047 1023 1023 1023 2047 1023 1023 1023 1791 1023 1023 1023 2047 1023 1023 1023 2047 1023 1023 1023 2047 1023 1023 1023 1247 1023 1023 1023 2047 1023 1023 1023 2047 1023 1023 1023 2047 1023 1023 1023 1535 1023 1023 1023 2047 1023 1023 1023 2047 1023 1023 1023 2047 1023 1023 1023 
1247 1023 1023 1023 1023 1023 1023 1023 1023 1023 1023 1023 1023 1023 1023 1023 2047 1023 1023 1023 1023 1023 1023 1023 1023 1023 1023 1023 1023 1023 1023 1023 1247 1023 1023 1023 1023 1023 1023 1023 1023 1023 1023 1023 1023 1023 1023 1023 2047 1023 1023 1023 1023 1023 1023 1023 1023 1023 1023 1023 1023 1023 1023 1023 
1247 1023 1023 1023 1023 1023 1023 1023 1023 1023 1023 1023 1023 1023 1023 1023 1791 1023 1023 1023 1023 1023 1023 1023 1023 1023 1023 1023 1023 1023 1023 1023 1247 1023 1023 1023 1023 1023 1023 1023 1023 1023 1023 1023 1023 1023 1023 1023 1535 1023 1023 1023 1023 1023 1023 1023 1023 1023 1023 1023 1023 1023 1023 1023 
1247 1023 1023 1023 1023 1023 1023 1023 1023 1023 1023 1023 1023 1023 1023 1023 1791 1023 1023 1023 1023 1023 1023 1023 1023 1023 1023 1023 1023 1023 1023 1023 1247 1023 1023 1023 1023 1023 1023 1023 1023 1023 1023 1023 1023 1023 1023 1023 1535 1023 1023 1023 1023 1023 1023 1023 1023 1023 1023 1023 1023 1023 1023 1023 
1247 1023 1023 1023 1023 1023 1023 1023 1023 1023 1023 1023 1023 1023 1023 1023 1791 1023 1023 1023 1023 1023 1023 1023 1023 1023 1023 1023 1023 1023 1023 1023 1247 1023 1023 1023 1023 1023 1023 1023 1023 1023 1023 1023 1023 1023 1023 1023 1535 1023 1023 1023 1023 1023 1023 1023 1023 1023 1023 1023 1023 1023 1023 1023 
1247 1023 1023 1023 1023 1023 1023 1023 1023 1023 1023 1023 1023 1023 1023 1023 2047 1023 1023 1023 1023 1023 1023 1023 1023 1023 1023 1023 1023 1023 1023 1023 1247 1023 1023 1023 1023 1023 1023 1023 1023 1023 1023 1023 1023 1023 1023 1023 2047 1023 1023 1023 1023 1023 1023 1023 1023 1023 1023 1023 1023 1023 1023 1023 
1247 1023 1023 1023 1023 1023 1023 1023 1023 1023 1023 1023 1023 1023 1023 1023 1791 1023 1023 1023 1023 1023 1023 1023 1023 1023 1023 1023 1023 1023 1023 1023 1247 1023 1023 1023 1023 1023 1023 1023 1023 1023 1023 1023 1023 1023 1023 1023 1535 1023 1023 1023 1023 1023 1023 1023 1023 1023 1023 1023 1023 1023 1023 1023 
1247 1023 1023 1023 1023 1023 1023 1023 1023 1023 1023 1023 1023 1023 1023 1023 2047 1023 1023 1023 1023 1023 1023 1023 1023 1023 1023 1023 1023 1023 1023 1023 1247 1023 1023 1023 1023 1023 1023 1023 1023 1023 1023 1023 1023 1023 1023 1023 1535 1023 1023 1023 1023 1023 1023 1023 1023 1023 1023 1023 1023 1023 1023 1023 
1247 1023 1023 1023 1023 1023 1023 1023 2047 1023 1023 1023 1023 1023 1023 1023 1791 1023 1023 1023 1023 1023 1023 1023 2047 1023 1023 1023 1023 1023 1023 1023 1247 1023 1023 1023 1023 1023 1023 1023 2047 1023 1023 1023 1023 1023 1023 1023 1535 1023 1023 1023 1023 1023 1023 1023 2047 1023 1023 1023 1023 1023 1023 1023 
1247 1023 1023 1023 1023 1023 1023 1023 1023 1023 1023 1023 1023 1023 1023 1023 2047 1023 1023 1023 1023 1023 1023 1023 1023 1023 1023 1023 1023 1023 1023 1023 1247 1023 1023 1023 1023 1023 1023 1023 1023 1023 1023 1023 1023 1023 1023 1023 1535 1023 1023 1023 1023 1023 1023 1023 1023 1023 1023 1023 1023 1023 1023 1023 
1247 1023 1023 1023 1023 1023 1023 1023 1023 1023 1023 1023 1023 1023 1023 1023 1791 1023 1023 1023 1023 1023 1023 1023 1023 1023 1023 1023 1023 1023 1023 1023 1247 1023 1023 1023 1023 1023 1023 1023 1023 1023 1023 1023 1023 1023 1023 1023 1535 1023 1023 1023 1023 1023 1023 1023 1023 1023 1023 1023 1023 1023 1023 1023 
1247 1023 1023 1023 1023 1023 1023 1023 1023 1023 1023 1023 1023 1023 1023 1023 1791 1023 1023 1023 1023 1023 1023 1023 1023 1023 1023 1023 1023 1023 1023 1023 1247 1023 1023 1023 1023 1023 1023 1023 1023 1023 1023 1023 1023 1023 1023 1023 1535 1023 1023 1023 1023 1023 1023 1023 1023 1023 1023 1023 1023 1023 1023 1023 
1247 1023 1023 1023 1023 1023 1023 1023 1023 1023 1023 1023 1023 1023 1023 1023 1791 1023 1023 1023 1023 1023 1023 1023 1023 1023 1023 1023 1023 1023 1023 1023 1247 1023 1023 1023 1023 1023 1023 1023 1023 1023 1023 1023 1023 1023 1023 1023 1535 1023 1023 1023 1023 1023 1023 1023 1023 1023 1023 1023 1023 1023 1023 1023 
1247 1023 1023 1023 1023 1023 1023 1023 1023 1023 1023 1023 1023 1023 1023 1023 1791 1023 1023 1023 1023 1023 1023 1023 1023 1023 1023 1023 1023 1023 1023 1023 1247 1023 1023 1023 1023 1023 1023 1023 1023 1023 1023 1023 1023 1023 1023 1023 1535 1023 1023 1023 1023 1023 1023 1023 1023 1023 1023 1023 1023 1023 1023 1023 
1247 1023 1023 1023 1023 1023 1023 1023 1023 1023 1023 1023 1023 1023 1023 1023 1791 1023 1023 1023 1023 1023 1023 1023 1023 1023 1023 1023 1023 1023 1023 1023 1247 1023 1023 1023 1023 1023 1023 1023 1023 1023 1023 1023 1023 1023 1023 1023 1535 1023 1023 1023 1023 1023 1023 1023 1023 1023 1023 1023 1023 1023 1023 1023 
1247 1023 1023 1023 1023 1023 1023 1023 1023 1023 1023 1023 1023 1023 1023 1023 1791 1023 1023 1023 1023 1023 1023 1023 1023 1023 1023 1023 1023 1023 1023 1023 1247 1023 1023 1023 1023 1023 1023 1023 1023 1023 1023 1023 1023 1023 1023 1023 1535 1023 1023 1023 1023 1023 1023 1023 1023 1023 1023 1023 1023 1023 1023 1023 
1247 1023 2047 1023 2047 1023 2047 1023 2047 1023 2047 1023 2047 1023 2047 1023 1791 1023 2047 1023 2047 1023 2047 1023 2047 1023 2047 1023 2047 1023 2047 1023 1247 1023 2047 1023 2047 1023 2047 1023 2047 1023 2047 1023 2047 1023 2047 1023 1535 1023 2047 1023 2047 1023 2047 1023 2047 1023 2047 1023 2047 1023 2047 1023 
1247 1023 1023 1023 1023 1023 1023 1023 1023 1023 1023 1023 1023 1023 1023 1023 2047 1023 1023 1023 1023 1023 1023 1023 1023 1023 1023 1023 1023 1023 1023 1023 1247 1023 1023 1023 1023 1023 1023 1023 1023 1023 1023 1023 1023 1023 1023 1023 2047 1023 1023 1023 1023 1023 1023 1023 1023 1023 1023 1023 1023 1023 1023 1023 
1247 1023 1023 1023 1023 1023 1023 1023 1023 1023 1023 1023 1023 1023 1023 1023 1791 1023 1023 1023 1023 1023 1023 1023 1023 1023 1023 1023 1023 1023 1023 1023 1247 1023 1023 1023 1023 1023 1023 1023 1023 1023 1023 1023 1023 1023 1023 1023 1535 1023 1023 1023 1023 1023 1023 1023 1023 1023 1023 1023 1023 1023 1023 1023 
1247 1023 1023 1023 1023 1023 1023 1023 1023 1023 1023 1023 1023 1023 1023 1023 1791 1023 1023 1023 1023 1023 1023 1023 1023 1023 1023 1023 1023 1023 1023 1023 1247 1023 1023 1023 1023 1023 1023 1023 1023 1023 1023 1023 1023 1023 1023 1023 1535 1023 1023 1023 1023 1023 1023 1023 1023 1023 1023 1023 1023 1023 1023 1023 
1247 1023 1023 1023 1023 1023 1023 1023 1023 1023 1023 1023 1023 1023 1023 1023 1791 1023 1023 1023 1023 1023 1023 1023 1023 1023 1023 1023 1023 1023 1023 1023 1247 1023 1023 1023 1023 1023 1023 1023 1023 1023 1023 1023 1023 1023 1023 1023 1535 1023 1023 1023 1023 1023 1023 1023 1023 1023 1023 1023 1023 1023 1023 1023 
1247 1023 1023 1023 1023 1023 1023 1023 1023 1023 1023 1023 1023 1023 1023 1023 2047 1023 1023 1023 1023 1023 1023 1023 1023 1023 1023 1023 1023 1023 1023 1023 1247 1023 1023 1023 1023 1023 1023 1023 1023 1023 1023 1023 1023 1023 1023 1023 2047 1023 1023 1023 1023 1023 1023 1023 1023 1023 1023 1023 1023 1023 1023 1023 
1247 1023 1023 1023 1023 1023 1023 1023 1023 1023 1023 1023 1023 1023 1023 1023 1791 1023 1023 1023 1023 1023 1023 1023 1023 1023 1023 1023 1023 1023 1023 1023 1247 1023 1023 1023 1023 1023 1023 1023 1023 1023 1023 1023 1023 1023 1023 1023 1535 1023 1023 1023 1023 1023 1023 1023 1023 1023 1023 1023 1023 1023 1023 1023 
1247 1023 1023 1023 1023 1023 1023 1023 1023 1023 1023 1023 1023 1023 1023 1023 1791 1023 1023 1023 1023 1023 1023 1023 1023 1023 1023 1023 1023 1023 1023 1023 1247 1023 1023 1023 1023 1023 1023 1023 1023 1023 1023 1023 1023 1023 1023 1023 1535 1023 1023 1023 1023 1023 1023 1023 1023 1023 1023 1023 1023 1023 1023 1023 
1247 1023 1023 1023 1023 1023 1023 1023 2047 1023 1023 1023 1023 1023 1023 1023 1791 1023 1023 1023 1023 1023 1023 1023 2047 1023 1023 1023 1023 1023 1023 1023 1247 1023 1023 1023 1023 1023 1023 1023 2047 1023 1023 1023 1023 1023 1023 1023 1535 1023 1023 1023 1023 1023 1023 1023 2047 1023 1023 1023 1023 1023 1023 1023 
1247 1023 1023 1023 1023 1023 1023 1023 1023 1023 1023 1023 1023 1023 1023 1023 1791 1023 1023 1023 1023 1023 1023 1023 1023 1023 1023 1023 1023 1023 1023 1023 1247 1023 1023 1023 1023 1023 1023 1023 1023 1023 1023 1023 1023 1023 1023 1023 1535 1023 1023 1023 1023 1023 1023 1023 1023 1023 1023 1023 1023 1023 1023 1023 
1247 1023 1023 1023 1023 1023 1023 1023 1023 1023 1023 1023 1023 1023 1023 1023 1791 1023 1023 1023 1023 1023 1023 1023 1023 1023 1023 1023 1023 1023 1023 1023 1247 1023 1023 1023 1023 1023 1023 1023 1023 1023 1023 1023 1023 1023 1023 1023 1535 1023 1023 1023 1023 1023 1023 1023 1023 1023 1023 1023 1023 1023 1023 1023 
1247 1023 1023 1023 1023 1023 1023 1023 1023 1023 1023 1023 1023 1023 1023 1023 1791 1023 1023 1023 1023 1023 1023 1023 1023 1023 1023 1023 1023 1023 1023 1023 1247 1023 1023 1023 1023 1023 1023 1023 1023 1023 1023 1023 1023 1023 1023 1023 2047 1023 1023 1023 1023 1023 1023 1023 1023 1023 1023 1023 1023 1023 1023 1023 
1247 1023 1023 1023 1023 1023 1023 1023 1023 1023 1023 1023 1023 1023 1023 1023 1791 1023 1023 1023 1023 1023 1023 1023 1023 1023 1023 1023 1023 1023 1023 1023 1247 1023 1023 1023 1023 1023 1023 1023 1023 1023 1023 1023 1023 1023 1023 1023 1535 1023 1023 1023 1023 1023 1023 1023 1023 1023 1023 1023 1023 1023 1023 1023 
1247 1023 1023 1023 1023 1023 1023 1023 1023 1023 1023 1023 1023 1023 1023 1023 2047 1023 1023 1023 1023 1023 1023 1023 1023 1023 1023 1023 1023 1023 1023 1023 1247 1023 1023 1023 1023 1023 1023 1023 1023 1023 1023 1023 1023 1023 1023 1023 2047 1023 1023 1023 1023 1023 1023 1023 1023 1023 1023 1023 1023 1023 1023 1023 
1039 415 47 799 879 95 319 1023 511 15 719 943 159 239 991 623 15 623 991 239 159 943 719 15 511 1023 319 95 879 799 47 415 1039 415 47 799 879 95 319 1023 511 15 719 943 159 239 991 623 15 623 991 239 159 943 719 15 527 1023 319 95 879 799 47 415 
1024 461 9 660 985 270 86 836 874 116 227 963 707 22 412 1021 512 2 611 1001 316 60 796 907 149 187 937 753 38 363 1014 562 0 562 1014 363 38 753 937 187 149 907 796 60 316 1001 611 2 511 1021 412 22 707 963 227 116 874 836 86 270 985 660 9 461 
1024 512 0 511 1024 512 0 511 1024 511 0 511 1024 511 0 511 1024 511 0 511 1024 511 0 511 1024 511 0 511 1024 512 0 511 1024 511 0 512 1024 512 0 511 1024 511 0 512 1024 512 0 511 1024 511 0 512 1024 512 0 511 1024 511 0 512 1024 511 0 512 
1024 562 9 363 985 753 86 187 874 907 227 60 707 1001 412 2 511 1021 611 22 316 963 796 116 149 836 937 270 38 660 1014 461 0 461 1014 660 38 270 937 836 149 116 796 963 316 22 611 1021 512 2 412 1001 707 60 227 907 874 187 86 753 985 363 9 562 
1024 611 38 227 874 937 316 9 511 1014 707 86 149 796 985 412 0 412 985 796 149 86 707 1014 511 9 316 937 874 227 38 611 1024 611 38 227 874 937 316 9 511 1014 707 86 149 796 985 412 0 412 985 796 149 86 707 1014 512 9 316 937 874 227 38 611 
1024 660 86 116 707 1021 611 60 149 753 1014 562 38 187 796 1001 512 22 227 836 985 461 9 270 874 963 412 2 316 907 937 363 0 363 937 907 316 2 412 963 874 270 9 461 985 836 227 22 511 1001 796 187 38 562 1014 753 149 60 611 1021 707 116 86 660 
1024 707 149 38 511 985 874 316 0 316 874 985 512 38 149 707 1024 707 149 38 512 985 874 316 0 316 874 985 512 38 149 707 1024 707 149 38 511 985 874 316 0 316 874 985 512 38 149 707 1024 707 149 38 511 985 874 316 0 316 874 985 512 38 149 707 
1024 753 227 2 316 836 1014 660 149 22 412 907 985 562 86 60 512 963 937 461 38 116 611 1001 874 363 9 187 707 1021 796 270 0 270 796 1021 707 187 9 363 874 1001 611 116 38 461 937 963 512 60 86 562 985 907 412 22 149 660 1014 836 316 2 227 753 
1024 796 316 9 149 611 985 937 512 86 38 412 874 1014 707 227 0 227 707 1014 874 412 38 86 511 937 985 611 149 9 316 796 1024 796 316 9 149 611 985 937 512 86 38 412 874 1014 707 227 0 227 707 1014 874 412 38 86 511 937 985 611 149 9 316 796 
1024 836 412 60 38 363 796 1021 874 461 86 22 316 753 1014 907 512 116 9 270 707 1001 937 562 149 2 227 660 985 963 611 187 0 187 611 963 985 660 227 2 149 562 937 1001 707 270 9 116 511 907 1014 753 316 22 86 461 874 1021 796 363 38 60 412 836 
1024 874 512 149 0 149 511 874 1024 874 512 149 0 149 511 874 1024 874 512 149 0 149 511 874 1024 874 512 149 0 149 511 874 1024 874 512 149 0 149 511 874 1024 874 512 149 0 149 511 874 1024 874 512 149 0 149 511 874 1024 874 512 149 0 149 511 874 
1024 907 611 270 38 22 227 562 874 1021 937 660 316 60 9 187 511 836 1014 963 707 363 86 2 149 461 796 1001 985 753 412 116 0 116 412 753 985 1001 796 461 149 2 86 363 707 963 1014 836 511 187 9 60 316 660 937 1021 874 562 227 22 38 270 611 907 
1024 937 707 412 149 9 38 227 512 796 985 1014 874 611 316 86 0 86 316 611 874 1014 985 796 511 227 38 9 149 412 707 937 1024 937 707 412 149 9 38 227 511 796 985 1014 874 611 316 86 0 86 316 611 874 1014 985 796 511 227 38 9 149 412 707 937 
1024 963 796 562 316 116 9 22 149 363 611 836 985 1021 937 753 512 270 86 2 38 187 412 660 874 1001 1014 907 707 461 227 60 0 60 227 461 707 907 1014 1001 874 660 412 187 38 2 86 270 512 753 937 1021 985 836 611 363 149 22 9 116 316 562 796 963 
1024 985 874 707 512 316 149 38 0 38 149 316 511 707 874 985 1024 985 874 707 511 316 149 38 0 38 149 316 512 707 874 985 1024 985 874 707 512 316 149 38 0 38 149 316 511 707 874 985 1024 985 874 707 512 316 149 38 0 38 149 316 512 707 874 985 
1024 1001 937 836 707 562 412 270 149 60 9 2 38 116 227 363 511 660 796 907 985 1021 1014 963 874 753 611 461 316 187 86 22 0 22 86 187 316 461 611 753 874 963 1014 1021 985 907 796 660 512 363 227 116 38 2 9 60 149 270 412 562 707 836 937 1001 
1024 1014 985 937 874 796 707 611 512 412 316 227 149 86 38 9 0 9 38 86 149 227 316 412 511 611 707 796 874 937 985 1014 1024 1014 985 937 874 796 707 611 512 412 316 227 149 86 38 9 0 9 38 86 149 227 316 412 512 611 707 796 874 937 985 1014 
1024 1021 1014 1001 985 963 937 907 874 836 796 753 707 660 611 562 512 461 412 363 316 270 227 187 149 116 86 60 38 22 9 2 0 2 9 22 38 60 86 116 149 187 227 270 316 363 412 461 511 562 611 660 707 753 796 836 874 907 937 963 985 1001 1014 1021 
