1216 1279 1279 1279 1279 1279 1279 1279 1279 1535 1279 1279 1279 1535 1279 1279 1247 1535 1279 1279 1279 1535 1279 1535 1279 1535 1279 1279 1279 1791 1279 1279 1216 1535 1279 1791 1279 1279 1279 1279 1279 1279 1279 1791 1279 1279 1279 1279 1279 1535 1279 1791 1279 1791 1279 1279 1279 1535 1279 1791 1279 1535 1279 1791 
1247 1023 1023 1023 1023 1023 1023 1023 1023 1023 1023 1023 1023 1023 1023 1023 2047 1023 1023 1023 1023 1023 1023 1023 1023 1023 1023 1023 1023 1023 1023 1023 1247 1023 1023 1023 1023 1023 1023 1023 1023 1023 1023 1023 1023 1023 1023 1023 1023 1023 1023 1023 1023 1023 1023 1023 1023 1023 1023 1023 1023 1023 1023 1023 
1247 1023 1023 1023 1023 1023 1023 1023 1023 1023 1023 1023 1023 1023 1023 1023 767 1023 1023 1023 1023 1023 1023 1023 1023 1023 1023 1023 1023 1023 1023 1023 1247 1023 1023 1023 1023 1023 1023 1023 1023 1023 1023 1023 1023 1023 1023 1023 511 1023 1023 1023 1023 1023 1023 1023 1023 1023 1023 1023 1023 1023 1023 1023 
1247 1023 1023 1023 1023 1023 1023 1023 1023 1023 1023 1023 1023 1023 1023 1023 1791 1023 1023 1023 1023 1023 1023 1023 1023 1023 1023 1023 1023 1023 1023 1023 1247 1023 1023 1023 1023 1023 1023 1023 1023 1023 1023 1023 1023 1023 1023 1023 1535 1023 1023 1023 1023 1023 1023 1023 1023 1023 1023 1023 1023 1023 1023 1023 
1247 1023 1023 1023 1023 1023 1023 1023 1023 1023 1023 1023 1023 1023 1023 1023 1791 1023 1023 1023 1023 1023 1023 1023 1023 1023 1023 1023 1023 1023 1023 1023 1247 1023 1023 1023 1023 1023 1023 1023 1023 1023 1023 1023 1023 1023 1023 1023 1535 1023 1023 1023 1023 1023 1023 1023 1023 1023 1023 1023 1023 1023 1023 1023 
1247 1023 1023 1023 1023 1023 1023 1023 1023 1023 1023 1023 1023 1023 1023 1023 2047 1023 1023 1023 1023 1023 1023 1023 1023 1023 1023 1023 1023 1023 1023 1023 1247 1023 1023 1023 1023 1023 1023 1023 1023 1023 1023 1023 1023 1023 1023 1023 1023 1023 1023 1023 1023 1023 1023 1023 1023 1023 1023 1023 1023 1023 1023 1023 
1247 1023 1023 1023 1023 1023 1023 1023 1023 1023 1023 1023 1023 1023 1023 1023 1791 1023 1023 1023 1023 1023 1023 1023 1023 1023 1023 1023 1023 1023 1023 1023 1247 1023 1023 1023 1023 1023 1023 1023 1023 1023 1023 1023 1023 1023 1023 1023 511 1023 1023 1023 1023 1023 1023 1023 1023 1023 1023 1023 1023 1023 1023 1023 
1247 1023 1023 1023 1023 1023 1023 1023 1023 1023 1023 1023 1023 1023 1023 1023 1791 1023 1023 1023 1023 1023 1023 1023 1023 1023 1023 1023 1023 1023 1023 1023 1247 1023 1023 1023 1023 1023 1023 1023 1023 1023 1023 1023 1023 1023 1023 1023 1535 1023 1023 1023 1023 1023 1023 1023 1023 1023 1023 1023 1023 1023 1023 1023 
1247 1023 1023 1023 1023 1023 1023 1023 2047 1023 1023 1023 1023 1023 1023 1023 1791 1023 1023 1023 1023 1023 1023 1023 2047 1023 1023 1023 1023 1023 1023 1023 1247 1023 1023 1023 1023 1023 1023 1023 2047 1023 1023 1023 1023 1023 1023 1023 1535 1023 1023 1023 1023 1023 1023 1023 2047 1023 1023 1023 1023 1023 1023 1023 
1055 895 447 63 63 383 831 1023 895 511 127 63 319 767 1023 959 511 127 63 319 767 1023 959 575 191 63 255 703 1023 1023 639 191 31 191 639 1023 1023 703 255 63 191 575 959 1023 767 319 63 127 511 959 1023 767 319 63 127 511 895 1023 831 383 63 63 447 895 
1024 796 316 9 149 611 985 937 511 86 38 412 874 1014 707 227 0 227 707 1014 874 412 38 86 512 937 985 611 149 9 316 796 1024 796 316 9 149 611 985 937 511 86 38 412 874 1014 707 227 0 227 707 1014 874 412 38 86 512 937 985 611 149 9 316 796 
1024 753 227 2 316 836 1014 660 149 22 412 907 985 562 86 60 512 963 937 461 38 116 611 1001 874 363 9 187 707 1021 796 270 0 270 796 1021 707 187 9 363 874 1001 611 116 38 461 937 963 511 60 86 562 985 907 412 22 149 660 1014 836 316 2 227 753 
1024 707 149 38 512 985 874 316 0 316 874 985 511 38 149 707 1024 707 149 38 512 985 874 316 0 316 874 985 511 38 149 707 1024 707 149 38 511 985 874 316 0 316 874 985 511 38 149 707 1024 707 149 38 511 985 874 316 0 316 874 985 511 38 149 707 
1024 660 86 116 707 1021 611 60 149 753 1014 562 38 187 796 1001 511 22 227 836 985 461 9 270 874 963 412 2 316 907 937 363 0 363 937 907 316 2 412 963 874 270 9 461 985 836 227 22 512 1001 796 187 38 562 1014 753 149 60 611 1021 707 116 86 660 
1024 611 38 227 874 937 316 9 512 1014 707 86 149 796 985 412 0 412 985 796 149 86 707 1014 511 9 316 937 874 227 38 611 1024 611 38 227 874 937 316 9 512 1014 707 86 149 796 985 412 0 412 985 796 149 86 707 1014 511 9 316 937 874 227 38 611 
1024 562 9 363 985 753 86 187 874 907 227 60 707 1001 412 2 512 1021 611 22 316 963 796 116 149 836 937 270 38 660 1014 461 0 461 1014 660 38 270 937 836 149 116 796 963 316 22 611 1021 511 2 412 1001 707 60 227 907 874 187 86 753 985 363 9 562 
1024 511 0 512 1024 511 0 512 1024 511 0 512 1024 511 0 512 1024 511 0 512 1024 511 0 511 1024 511 0 512 1024 512 0 512 1024 511 0 512 1024 511 0 512 1024 512 0 512 1024 511 0 512 1024 511 0 512 1024 512 0 512 1024 511 0 512 1024 511 0 512 
1024 461 9 660 985 270 86 836 874 116 227 963 707 22 412 1021 511 2 611 1001 316 60 796 907 149 187 937 753 38 363 1014 562 0 562 1014 363 38 753 937 187 149 907 796 60 316 1001 611 2 512 1021 412 22 707 963 227 116 874 836 86 270 985 660 9 461 
1024 412 38 796 874 86 316 1014 511 9 707 937 149 227 985 611 0 611 985 227 149 937 707 9 511 1014 316 86 874 796 38 412 1024 412 38 796 874 86 316 1014 511 9 707 937 149 227 985 611 0 611 985 227 149 937 707 9 511 1014 316 86 874 796 38 412 
1024 363 86 907 707 2 611 963 149 270 1014 461 38 836 796 22 512 1001 227 187 985 562 9 753 874 60 412 1021 316 116 937 660 0 660 937 116 316 1021 412 60 874 753 9 562 985 187 227 1001 511 22 796 836 38 461 1014 270 149 963 611 2 707 907 86 363 
1024 316 149 985 511 38 874 707 0 707 874 38 512 985 149 316 1024 316 149 985 511 38 874 707 0 707 874 38 512 985 149 316 1024 316 149 985 511 38 874 707 0 707 874 38 512 985 149 316 1024 316 149 985 511 38 874 707 0 707 874 38 512 985 149 316 
1024 270 227 1021 316 187 1014 363 149 1001 412 116 985 461 86 963 511 60 937 562 38 907 611 22 874 660 9 836 707 2 796 753 0 753 796 2 707 836 9 660 874 22 611 907 38 562 937 60 512 963 86 461 985 116 412 1001 149 363 1014 187 316 1021 227 270 
1024 227 316 1014 149 412 985 86 512 937 38 611 874 9 707 796 0 796 707 9 874 611 38 937 511 86 985 412 149 1014 316 227 1024 227 316 1014 149 412 985 86 512 937 38 611 874 9 707 796 0 796 707 9 874 611 38 937 511 86 985 412 149 1014 316 227 
1024 187 412 963 38 660 796 2 874 562 86 1001 316 270 1014 116 511 907 9 753 707 22 937 461 149 1021 227 363 985 60 611 836 0 836 611 60 985 363 227 1021 149 461 937 22 707 753 9 907 511 116 1014 270 316 1001 86 562 874 2 796 660 38 963 412 187 
1024 149 512 874 0 874 511 149 1024 149 512 874 0 874 511 149 1024 149 511 874 0 874 511 149 1024 149 511 874 0 874 511 149 1024 149 511 874 0 874 511 149 1024 149 511 874 0 874 511 149 1024 149 511 874 0 874 511 149 1024 149 512 874 0 874 511 149 
1024 116 611 753 38 1001 227 461 874 2 937 363 316 963 9 836 511 187 1014 60 707 660 86 1021 149 562 796 22 985 270 412 907 0 907 412 270 985 22 796 562 149 1021 86 660 707 60 1014 187 511 836 9 963 316 363 937 2 874 461 227 1001 38 753 611 116 
1024 86 707 611 149 1014 38 796 511 227 985 9 874 412 316 937 0 937 316 412 874 9 985 227 512 796 38 1014 149 611 707 86 1024 86 707 611 149 1014 38 796 512 227 985 9 874 412 316 937 0 937 316 412 874 9 985 227 512 796 38 1014 149 611 707 86 
1024 60 796 461 316 907 9 1001 149 660 611 187 985 2 937 270 512 753 86 1021 38 836 412 363 874 22 1014 116 707 562 227 963 0 963 227 562 707 116 1014 22 874 363 412 836 38 1021 86 753 511 270 937 2 985 187 611 660 149 1001 9 907 316 461 796 60 
1024 38 874 316 512 707 149 985 0 985 149 707 511 316 874 38 1024 38 874 316 512 707 149 985 0 985 149 707 511 316 874 38 1024 38 874 316 512 707 149 985 0 985 149 707 511 316 874 38 1024 38 874 316 512 707 149 985 0 985 149 707 511 316 874 38 
1024 22 937 187 707 461 412 753 149 963 9 1021 38 907 227 660 512 363 796 116 985 2 1014 60 874 270 611 562 316 836 86 1001 0 1001 86 836 316 562 611 270 874 60 1014 2 985 116 796 363 511 660 227 907 38 1021 9 963 149 753 412 461 707 187 937 22 
1024 9 985 86 874 227 707 412 512 611 316 796 149 937 38 1014 0 1014 38 937 149 796 316 611 511 412 707 227 874 86 985 9 1024 9 985 86 874 227 707 412 511 611 316 796 149 937 38 1014 0 1014 38 937 149 796 316 611 512 412 707 227 874 86 985 9 
1024 2 1014 22 985 60 937 116 874 187 796 270 707 363 611 461 512 562 412 660 316 753 227 836 149 907 86 963 38 1001 9 1021 0 1021 9 1001 38 963 86 907 149 836 227 753 316 660 412 562 511 461 611 363 707 270 796 187 874 116 937 60 985 22 1014 2 
1024 0 1024 0 1024 0 1024 0 1024 0 1024 0 1024 0 1024 0 1024 0 1024 0 1024 0 1024 0 1024 0 1024 0 1024 0 1024 0 1024 0 1024 0 1024 0 1024 0 1024 0 1024 0 1024 0 1024 0 1024 0 1024 0 1024 0 1024 0 1024 0 1024 0 1024 0 1024 0 
1024 2 1014 22 985 60 937 116 874 187 796 270 707 363 611 461 511 562 412 660 316 753 227 836 149 907 86 963 38 1001 9 1021 0 1021 9 1001 38 963 86 907 149 836 227 753 316 660 412 562 512 461 611 363 707 270 796 187 874 116 937 60 985 22 1014 2 
1024 9 985 86 874 227 707 412 511 611 316 796 149 937 38 1014 0 1014 38 937 149 796 316 611 512 412 707 227 874 86 985 9 1024 9 985 86 874 227 707 412 511 611 316 796 149 937 38 1014 0 1014 38 937 149 796 316 611 512 412 707 227 874 86 985 9 
1024 22 937 187 707 461 412 753 149 963 9 1021 38 907 227 660 512 363 796 116 985 2 1014 60 874 270 611 562 316 836 86 1001 0 1001 86 836 316 562 611 270 874 60 1014 2 985 116 796 363 511 660 227 907 38 1021 9 963 149 753 412 461 707 187 937 22 
1024 38 874 316 511 707 149 985 0 985 149 707 511 316 874 38 1024 38 874 316 511 707 149 985 0 985 149 707 511 316 874 38 1024 38 874 316 511 707 149 985 0 985 149 707 511 316 874 38 1024 38 874 316 511 707 149 985 0 985 149 707 512 316 874 38 
1024 60 796 461 316 907 9 1001 149 660 611 187 985 2 937 270 511 753 86 1021 38 836 412 363 874 22 1014 116 707 562 227 963 0 963 227 562 707 116 1014 22 874 363 412 836 38 1021 86 753 512 270 937 2 985 187 611 660 149 1001 9 907 316 461 796 60 
1024 86 707 611 149 1014 38 796 512 227 985 9 874 412 316 937 0 937 316 412 874 9 985 227 511 796 38 1014 149 611 707 86 1024 86 707 611 149 1014 38 796 511 227 985 9 874 412 316 937 0 937 316 412 874 9 985 227 511 796 38 1014 149 611 707 86 
1024 116 611 753 38 1001 227 461 874 2 937 363 316 963 9 836 512 187 1014 60 707 660 86 1021 149 562 796 22 985 270 412 907 0 907 412 270 985 22 796 562 149 1021 86 660 707 60 1014 187 511 836 9 963 316 363 937 2 874 461 227 1001 38 753 611 116 
1024 149 511 874 0 874 512 149 1024 149 511 874 0 874 512 149 1024 149 511 874 0 874 512 149 1024 149 511 874 0 874 512 149 1024 149 511 874 0 874 512 149 1024 149 511 874 0 874 512 149 1024 149 511 874 0 874 512 149 1024 149 511 874 0 874 512 149 
1024 187 412 963 38 660 796 2 874 562 86 1001 316 270 1014 116 512 907 9 753 707 22 937 461 149 1021 227 363 985 60 611 836 0 836 611 60 985 363 227 1021 149 461 937 22 707 753 9 907 511 116 1014 270 316 1001 86 562 874 2 796 660 38 963 412 187 
1024 227 316 1014 149 412 985 86 511 937 38 611 874 9 707 796 0 796 707 9 874 611 38 937 512 86 985 412 149 1014 316 227 1024 227 316 1014 149 412 985 86 511 937 38 611 874 9 707 796 0 796 707 9 874 611 38 937 512 86 985 412 149 1014 316 227 
1024 270 227 1021 316 187 1014 363 149 1001 412 116 985 461 86 963 512 60 937 562 38 907 611 22 874 660 9 836 707 2 796 753 0 753 796 2 707 836 9 660 874 22 611 907 38 562 937 60 512 963 86 461 985 116 412 1001 149 363 1014 187 316 1021 227 270 
1024 316 149 985 512 38 874 707 0 707 874 38 511 985 149 316 1024 316 149 985 512 38 874 707 0 707 874 38 511 985 149 316 1024 316 149 985 512 38 874 707 0 707 874 38 511 985 149 316 1024 316 149 985 512 38 874 707 0 707 874 38 511 985 149 316 
1024 363 86 907 707 2 611 963 149 270 1014 461 38 836 796 22 511 1001 227 187 985 562 9 753 874 60 412 1021 316 116 937 660 0 660 937 116 316 1021 412 60 874 753 9 562 985 187 227 1001 512 22 796 836 38 461 1014 270 149 963 611 2 707 907 86 363 
1024 412 38 796 874 86 316 1014 511 9 707 937 149 227 985 611 0 611 985 227 149 937 707 9 511 1014 316 86 874 796 38 412 1024 412 38 796 874 86 316 1014 511 9 707 937 149 227 985 611 0 611 985 227 149 937 707 9 512 1014 316 86 874 796 38 412 
1024 461 9 660 985 270 86 836 874 116 227 963 707 22 412 1021 512 2 611 1001 316 60 796 907 149 187 937 753 38 363 1014 562 0 562 1014 363 38 753 937 187 149 907 796 60 316 1001 611 2 511 1021 412 22 707 963 227 116 874 836 86 270 985 660 9 461 
1024 512 0 511 1024 512 0 511 1024 511 0 511 1024 511 0 511 1024 511 0 511 1024 511 0 511 1024 511 0 511 1024 512 0 511 1024 511 0 512 1024 512 0 511 1024 511 0 512 1024 512 0 511 1024 511 0 512 1024 512 0 511 1024 511 0 512 1024 511 0 512 
1024 562 9 363 985 753 86 187 874 907 227 60 707 1001 412 2 511 1021 611 22 316 963 796 116 149 836 937 270 38 660 1014 461 0 461 1014 660 38 270 937 836 149 116 796 963 316 22 611 1021 512 2 412 1001 707 60 227 907 874 187 86 753 985 363 9 562 
1024 611 38 227 874 937 316 9 511 1014 707 86 149 796 985 412 0 412 985 796 149 86 707 1014 511 9 316 937 874 227 38 611 1024 611 38 227 874 937 316 9 511 1014 707 86 149 796 985 412 0 412 985 796 149 86 707 1014 512 9 316 937 874 227 38 611 
1024 660 86 116 707 1021 611 60 149 753 1014 562 38 187 796 1001 512 22 227 836 985 461 9 270 874 963 412 2 316 907 937 363 0 363 937 907 316 2 412 963 874 270 9 461 985 836 227 22 511 1001 796 187 38 562 1014 753 149 60 611 1021 707 116 86 660 
1024 707 149 38 511 985 874 316 0 316 874 985 512 38 149 707 1024 707 149 38 512 985 874 316 0 316 874 985 512 38 149 707 1024 707 149 38 511 985 874 316 0 316 874 985 512 38 149 707 1024 707 149 38 511 985 874 316 0 316 874 985 512 38 149 707 
1024 753 227 2 316 836 1014 660 149 22 412 907 985 562 86 60 512 963 937 461 38 116 611 1001 874 363 9 187 707 1021 796 270 0 270 796 1021 707 187 9 363 874 1001 611 116 38 461 937 963 512 60 86 562 985 907 412 22 149 660 1014 836 316 2 227 753 
1024 796 316 9 149 611 985 937 512 86 38 412 874 1014 707 227 0 227 707 1014 874 412 38 86 511 937 985 611 149 9 316 796 1024 796 316 9 149 611 985 937 512 86 38 412 874 1014 707 227 0 227 707 1014 874 412 38 86 511 937 985 611 149 9 316 796 
1024 836 412 60 38 363 796 1021 874 461 86 22 316 753 1014 907 512 116 9 270 707 1001 937 562 149 2 227 660 985 963 611 187 0 187 611 963 985 660 227 2 149 562 937 1001 707 270 9 116 511 907 1014 753 316 22 86 461 874 1021 796 363 38 60 412 836 
1024 874 512 149 0 149 511 874 1024 874 512 149 0 149 511 874 1024 874 512 149 0 149 511 874 1024 874 512 149 0 149 511 874 1024 874 512 149 0 149 511 874 1024 874 512 149 0 149 511 874 1024 874 512 149 0 149 511 874 1024 874 512 149 0 149 511 874 
1024 907 611 270 38 22 227 562 874 1021 937 660 316 60 9 187 511 836 1014 963 707 363 86 2 149 461 796 1001 985 753 412 116 0 116 412 753 985 1001 796 461 149 2 86 363 707 963 1014 836 511 187 9 60 316 660 937 1021 874 562 227 22 38 270 611 907 
1024 937 707 412 149 9 38 227 512 796 985 1014 874 611 316 86 0 86 316 611 874 1014 985 796 511 227 38 9 149 412 707 937 1024 937 707 412 149 9 38 227 511 796 985 1014 874 611 316 86 0 86 316 611 874 1014 985 796 511 227 38 9 149 412 707 937 
1024 963 796 562 316 116 9 22 149 363 611 836 985 1021 937 753 512 270 86 2 38 187 412 660 874 1001 1014 907 707 461 227 60 0 60 227 461 707 907 1014 1001 874 660 412 187 38 2 86 270 512 753 937 1021 985 836 611 363 149 22 9 116 316 562 796 963 
1024 985 874 707 512 316 149 38 0 38 149 316 511 707 874 985 1024 985 874 707 511 316 149 38 0 38 149 316 512 707 874 985 1024 985 874 707 512 316 149 38 0 38 149 316 511 707 874 985 1024 985 874 707 512 316 149 38 0 38 149 316 512 707 874 985 
1024 1001 937 836 707 562 412 270 149 60 9 2 38 116 227 363 511 660 796 907 985 1021 1014 963 874 753 611 461 316 187 86 22 0 22 86 187 316 461 611 753 874 963 1014 1021 985 907 796 660 512 363 227 116 38 2 9 60 149 270 412 562 707 836 937 1001 
1024 1014 985 937 874 796 707 611 512 412 316 227 149 86 38 9 0 9 38 86 149 227 316 412 511 611 707 796 874 937 985 1014 1024 1014 985 937 874 796 707 611 512 412 316 227 149 86 38 9 0 9 38 86 149 227 316 412 512 611 707 796 874 937 985 1014 
1024 1021 1014 1001 985 963 937 907 874 836 796 753 707 660 611 562 512 461 412 363 316 270 227 187 149 116 86 60 38 22 9 2 0 2 9 22 38 60 86 116 149 187 227 270 316 363 412 461 511 562 611 660 707 753 796 836 874 907 937 963 985 1001 1014 1021 
